"Geography","Percent..COMMUTING.TO.WORK...Car..truck..or.van....drove.alone","Percent..COMMUTING.TO.WORK...Car..truck..or.van....carpooled","Percent..COMMUTING.TO.WORK...Public.transportation..excluding.taxicab.","Percent..COMMUTING.TO.WORK...Walked","Percent..COMMUTING.TO.WORK...Other.means","Percent..COMMUTING.TO.WORK...Worked.at.home","Estimate..COMMUTING.TO.WORK...Mean.travel.time.to.work..minutes."
"Birmingham city, Alabama","84.3","9.8","1.8","1.8","0.4","1.9",21.6
"Dothan city, Alabama","90.2","5.7","0.4","0.9","1.6","1.2",19.9
"Hoover city, Alabama","86.4","8.2","0.0","0.2","0.6","4.7",24.4
"Huntsville city, Alabama","84.4","9.0","0.3","1.3","2.6","2.4",18.1
"Mobile city, Alabama","86.2","7.4","0.8","0.9","1.1","3.7",20.9
"Montgomery city, Alabama","84.6","9.3","1.0","2.0","0.4","2.7",18.2
"Tuscaloosa city, Alabama","79.5","12.6","0.8","3.1","1.5","2.4",17.6
"Anchorage municipality, Alaska","72.6","13.1","2.1","2.9","4.5","4.7",20.2
"Avondale city, Arizona","74.2","19.4","0.2","0.7","2.2","3.2",25.7
"Casas Adobes CDP, Arizona","81.3","8.6","2.5","1.0","2.0","4.6",23.9
"Chandler city, Arizona","78.6","12.2","1.6","0.7","1.6","5.3",23.7
"Flagstaff city, Arizona","63.4","11.3","3.4","10.8","6.0","5.1",15
"Gilbert town, Arizona","76.6","10.5","1.0","1.0","1.8","9.1",27.5
"Glendale city, Arizona","74.2","15.6","3.5","1.0","1.5","4.2",26.4
"Goodyear city, Arizona","81.5","8.4","1.2","0.4","3.2","5.2",31.2
"Mesa city, Arizona","78.4","11.0","2.1","1.0","3.0","4.6",25.3
"Peoria city, Arizona","79.0","11.6","0.7","1.3","1.3","6.0",27.7
"Phoenix city, Arizona","75.9","11.4","3.2","1.8","2.9","4.7",24.3
"San Tan Valley CDP, Arizona","81.4","11.5","0.0","0.2","1.6","5.2",38.4
"Scottsdale city, Arizona","80.9","5.5","1.0","1.1","2.1","9.4",22.5
"Surprise city, Arizona","83.4","7.8","0.1","1.1","2.7","5.0",32
"Tempe city, Arizona","73.3","7.7","4.3","3.4","5.7","5.5",20.6
"Tucson city, Arizona","74.0","9.9","3.6","3.8","4.9","3.7",21.8
"Yuma city, Arizona","75.7","12.7","0.8","4.7","2.9","3.2",15.7
"Fayetteville city, Arkansas","75.0","10.3","2.0","3.3","1.2","8.0",19.9
"Fort Smith city, Arkansas","80.5","14.4","0.8","1.4","1.0","1.9",15.2
"Jonesboro city, Arkansas","85.8","5.6","1.4","1.0","1.1","5.2",16.8
"Little Rock city, Arkansas","85.3","9.2","1.2","0.4","0.8","3.1",18.7
"Springdale city, Arkansas","78.2","16.3","0.0","0.6","1.0","3.9",18.2
"Alameda city, California","57.3","10.2","18.9","4.0","4.4","5.2",29.4
"Alhambra city, California","82.0","8.5","3.5","1.0","1.0","4.0",30.6
"Anaheim city, California","75.4","12.0","6.0","1.5","1.7","3.4",27.4
"Antioch city, California","69.0","18.7","6.7","1.1","0.7","3.8",41.8
"Apple Valley town, California","N","N","N","N","N","N",28.7
"Arden-Arcade CDP, California","77.6","7.0","2.3","3.8","1.7","7.6",22.7
"Bakersfield city, California","79.4","13.4","1.2","1.3","2.4","2.3",23.8
"Baldwin Park city, California","72.8","16.4","4.4","1.2","1.6","3.7",30.4
"Bellflower city, California","81.0","9.3","4.5","1.2","3.0","1.0",26.8
"Berkeley city, California","34.0","6.2","20.6","18.1","9.4","11.6",26.4
"Buena Park city, California","71.5","13.6","5.9","2.9","2.6","3.5",29.2
"Burbank city, California","78.3","9.4","2.2","2.5","2.4","5.2",25.8
"Camarillo city, California","82.4","7.8","1.2","0.7","1.2","6.6",22.7
"Carlsbad city, California","78.2","7.8","2.1","1.0","1.4","9.5",30.4
"Carson city, California","82.8","9.7","2.2","1.1","0.8","3.4",27.4
"Chico city, California","71.8","8.8","0.7","5.9","7.2","5.6",15.8
"Chino city, California","83.8","9.2","2.1","1.2","0.6","3.1",31.8
"Chino Hills city, California","77.4","16.8","1.2","0.0","1.7","2.9",37.2
"Chula Vista city, California","80.0","11.4","2.9","0.9","1.0","3.9",27.8
"Citrus Heights city, California","81.9","9.3","1.6","3.1","0.7","3.4",24.9
"Clovis city, California","85.9","6.7","0.6","1.6","1.3","3.9",18.7
"Compton city, California","68.0","16.7","8.2","1.4","3.9","1.8",27.9
"Concord city, California","69.4","12.3","11.1","1.1","2.4","3.7",32.3
"Corona city, California","76.0","13.0","1.7","1.0","1.1","7.3",36.2
"Costa Mesa city, California","76.4","8.6","3.5","1.6","3.1","6.8",22.4
"Daly City city, California","65.6","11.1","19.3","1.7","0.1","2.0",27.7
"Davis city, California","54.9","6.9","8.6","3.1","19.6","6.8",21.2
"Downey city, California","84.4","8.2","2.4","1.9","1.0","2.1",29.6
"East Los Angeles CDP, California","65.4","14.3","12.2","3.7","2.4","2.0",29.1
"El Cajon city, California","78.3","10.3","1.9","1.7","1.0","6.8",23.5
"Elk Grove city, California","74.8","16.9","0.9","1.0","0.7","5.8",29.7
"El Monte city, California","76.7","11.6","5.2","1.9","1.1","3.4",31.4
"Escondido city, California","80.6","10.4","1.4","2.2","1.3","4.1",23.8
"Fairfield city, California","78.3","14.9","1.3","1.4","1.2","2.9",27.2
"Florence-Graham CDP, California","71.5","8.7","14.6","1.8","2.2","1.1",32.2
"Folsom city, California","83.2","7.6","1.7","1.7","1.3","4.5",23.8
"Fontana city, California","78.8","14.2","1.9","0.9","0.8","3.5",32.7
"Fremont city, California","70.2","13.6","7.5","2.2","1.1","5.3",30.4
"Fresno city, California","75.0","12.9","2.5","1.3","3.5","4.8",22.8
"Fullerton city, California","77.2","11.6","2.7","2.3","2.0","4.2",29.2
"Garden Grove city, California","76.9","15.0","2.9","2.2","1.4","1.6",25.7
"Glendale city, California","72.8","10.8","4.6","3.7","1.4","6.8",26.1
"Hawthorne city, California","78.1","7.3","8.1","1.4","2.5","2.6",28.8
"Hayward city, California","69.6","13.1","9.7","3.0","1.4","3.2",30.3
"Hemet city, California","79.5","14.0","0.2","2.1","0.7","3.6",28.8
"Hesperia city, California","80.4","11.9","0.5","2.0","1.5","3.7",35.4
"Huntington Beach city, California","81.2","6.6","1.0","1.2","3.0","6.9",27.6
"Indio city, California","81.2","10.0","2.7","1.6","1.0","3.5",23.3
"Inglewood city, California","72.2","12.1","7.7","2.3","2.3","3.4",30.1
"Irvine city, California","79.7","6.5","2.2","2.1","2.2","7.3",25.9
"Jurupa Valley city, California","76.3","18.9","0.8","0.8","1.0","2.3",30
"Lake Forest city, California","84.2","7.5","1.2","0.5","1.8","4.8",26.3
"Lakewood city, California","81.9","10.6","2.9","1.0","1.5","2.1",26.6
"Lancaster city, California","84.4","10.4","1.8","1.1","0.7","1.6",30.4
"Livermore city, California","79.0","6.8","3.2","1.6","2.4","7.1",29.2
"Long Beach city, California","72.8","9.8","8.2","2.5","1.9","4.9",28.6
"Los Angeles city, California","67.4","9.9","10.9","3.6","2.4","5.8",29.8
"Lynwood city, California","68.3","15.2","5.8","3.6","4.8","2.2",27.3
"Manteca city, California","83.8","12.0","1.1","0.4","0.9","1.7",30.3
"Menifee city, California","73.3","16.9","0.2","1.6","2.7","5.3",40.8
"Merced city, California","76.5","10.3","1.4","3.3","5.1","3.5",22.7
"Milpitas city, California","84.0","10.0","3.1","0.6","0.2","2.0",24.1
"Mission Viejo city, California","81.2","8.4","1.0","0.1","0.7","8.6",26.9
"Modesto city, California","79.2","11.6","1.7","1.6","1.5","4.4",26.6
"Moreno Valley city, California","81.2","10.0","1.3","0.9","4.2","2.4",34.6
"Mountain View city, California","69.9","10.2","5.4","2.8","7.7","4.0",20.4
"Murrieta city, California","81.8","9.1","0.4","0.6","1.1","7.0",34.9
"Napa city, California","76.6","12.9","1.7","3.8","1.4","3.6",21.7
"Newport Beach city, California","79.8","2.2","0.7","2.3","2.6","12.4",22.7
"Norwalk city, California","83.1","9.2","3.6","1.5","1.1","1.5",29.6
"Oakland city, California","54.8","11.3","19.2","4.3","4.4","6.0",28.9
"Oceanside city, California","76.1","13.1","2.9","1.2","1.6","5.2",27.5
"Ontario city, California","76.9","17.1","1.3","1.2","1.4","2.0",29.6
"Orange city, California","79.3","9.1","1.8","2.6","2.8","4.4",25.3
"Oxnard city, California","73.2","20.4","1.3","1.6","1.5","1.9",22.4
"Palmdale city, California","71.6","17.3","3.5","1.7","0.9","5.0",39.4
"Palo Alto city, California","64.4","8.7","6.0","4.3","10.3","6.4",22.1
"Pasadena city, California","71.4","8.8","5.1","6.5","2.4","5.7",25.9
"Perris city, California","81.8","11.7","1.3","1.9","1.7","1.7",34.6
"Pittsburg city, California","59.6","22.5","11.0","1.4","1.8","3.7",36.8
"Pleasanton city, California","72.7","7.3","6.2","2.5","2.3","9.0",28.9
"Pomona city, California","73.3","14.4","3.5","2.7","1.7","4.4",27.8
"Rancho Cordova city, California","75.1","11.6","3.0","2.3","3.3","4.7",24.4
"Rancho Cucamonga city, California","82.3","12.5","1.8","0.4","1.0","2.0",31.4
"Redding city, California","82.2","9.0","1.4","2.3","2.6","2.7",16.2
"Redlands city, California","77.4","10.7","1.4","5.2","2.1","3.2",25.4
"Redondo Beach city, California","81.7","5.8","1.4","2.2","2.3","6.6",25.1
"Redwood City city, California","72.2","9.1","5.7","2.6","3.8","6.6",23.9
"Rialto city, California","78.2","15.6","2.5","0.1","1.2","2.5",32.1
"Richmond city, California","62.6","16.8","13.5","2.4","2.5","2.2",31.5
"Riverside city, California","74.5","13.9","3.3","2.4","1.6","4.4",28.8
"Roseville city, California","79.1","9.2","0.9","2.4","1.6","6.8",26
"Sacramento city, California","73.3","12.3","3.6","3.0","3.8","4.0",24.1
"Salinas city, California","69.9","17.5","0.8","1.5","7.3","2.9",23.2
"San Bernardino city, California","73.7","15.2","3.9","3.3","1.6","2.4",27.1
"San Buenaventura (Ventura) city, California","75.3","13.3","2.4","2.7","1.6","4.6",22.3
"San Diego city, California","75.0","9.8","3.6","2.7","2.4","6.5",22.7
"San Francisco city, California","36.3","7.7","33.1","9.8","6.3","6.7",31.6
"San Jose city, California","77.5","11.0","3.7","1.3","2.2","4.3",26.8
"San Leandro city, California","71.6","8.2","12.4","1.5","4.2","2.2",29
"San Marcos city, California","83.2","10.2","1.0","0.6","1.2","3.8",24.2
"San Mateo city, California","65.4","11.9","10.9","4.9","3.6","3.3",25.8
"San Ramon city, California","78.1","8.0","4.4","1.1","1.1","7.3",33
"Santa Ana city, California","70.8","15.1","6.8","2.6","3.1","1.7",24.5
"Santa Barbara city, California","62.3","9.0","6.1","7.3","8.7","6.6",15.6
"Santa Clara city, California","78.2","11.1","2.3","2.3","2.7","3.3",22.2
"Santa Clarita city, California","75.6","12.3","3.0","1.7","1.5","5.8",32.1
"Santa Maria city, California","70.2","22.7","1.2","1.3","2.6","2.0",20
"Santa Monica city, California","63.2","5.7","6.2","7.5","7.1","10.2",24.3
"Santa Rosa city, California","79.2","9.7","1.8","3.8","1.9","3.6",22.7
"Simi Valley city, California","80.3","10.0","1.1","1.0","1.6","6.0",29.3
"South Gate city, California","71.6","12.2","8.6","2.8","1.9","2.8",30.5
"South San Francisco city, California","68.3","13.8","13.3","1.9","1.7","1.0",26.2
"Stockton city, California","78.0","14.2","1.4","1.8","1.5","3.1",26.5
"Sunnyvale city, California","76.2","12.1","4.4","1.0","3.7","2.7",23.8
"Temecula city, California","78.5","13.4","0.6","0.7","1.9","4.9",32.8
"Thousand Oaks city, California","76.2","9.4","0.8","2.6","2.5","8.4",25.7
"Torrance city, California","83.3","6.7","1.4","2.1","1.4","5.2",24.4
"Tracy city, California","76.7","13.4","2.8","1.7","0.9","4.5",42.6
"Turlock city, California","82.7","10.8","0.5","1.9","0.5","3.6",22.1
"Tustin city, California","78.9","11.7","2.1","1.0","1.6","4.8",26.1
"Union City city, California","74.7","11.9","9.6","0.4","1.2","2.2",32.5
"Upland city, California","84.1","8.7","1.2","1.9","0.7","3.2",30.9
"Vacaville city, California","86.6","7.9","0.5","1.6","0.8","2.6",23.2
"Vallejo city, California","71.2","16.0","4.0","1.9","1.7","5.2",33.3
"Victorville city, California","75.7","15.3","0.9","1.1","1.0","6.1",36.2
"Visalia city, California","78.2","13.4","0.8","1.8","2.6","3.3",20.4
"Vista city, California","79.3","13.6","1.1","0.5","0.9","4.7",23.2
"Walnut Creek city, California","65.3","7.1","15.5","1.4","2.1","8.6",31.4
"West Covina city, California","77.0","13.7","4.1","0.6","1.6","3.0",36.2
"Westminster city, California","81.7","11.8","0.9","1.0","1.7","3.0",26.4
"Whittier city, California","80.8","8.1","2.9","2.3","2.4","3.6",29.9
"Yorba Linda city, California","80.0","11.3","0.8","0.7","2.0","5.2",30
"Yuba City city, California","77.7","14.0","1.6","2.3","0.7","3.7",25.7
"Arvada city, Colorado","80.1","6.4","2.5","0.8","2.4","7.7",28.3
"Aurora city, Colorado","75.4","11.7","6.6","2.0","1.5","2.8",28.2
"Boulder city, Colorado","50.2","3.8","8.8","10.8","13.8","12.5",19.8
"Centennial city, Colorado","79.8","6.7","1.6","1.0","2.5","8.4",24.7
"Colorado Springs city, Colorado","79.0","10.6","0.8","2.4","1.6","5.6",20.8
"Denver city, Colorado","68.6","8.7","7.2","5.0","4.1","6.3",24.6
"Fort Collins city, Colorado","70.8","6.6","2.2","4.8","8.8","6.8",18.8
"Greeley city, Colorado","77.4","10.6","0.4","4.9","2.4","4.4",23.1
"Highlands Ranch CDP, Colorado","77.5","8.5","2.2","1.2","1.3","9.3",25.3
"Lakewood city, Colorado","78.4","9.2","3.5","1.5","2.9","4.4",25.2
"Longmont city, Colorado","74.8","8.9","4.3","3.0","1.5","7.6",21.9
"Loveland city, Colorado","77.8","8.4","0.9","1.4","3.5","8.0",26.9
"Pueblo city, Colorado","78.4","12.3","0.7","4.5","1.5","2.6",17.7
"Thornton city, Colorado","84.1","7.9","2.2","0.5","1.5","3.9",30.9
"Westminster city, Colorado","77.5","9.9","4.2","1.8","1.3","5.4",26.8
"Bridgeport city, Connecticut","66.4","13.8","9.5","6.0","3.2","1.0",26
"Danbury city, Connecticut","73.8","17.3","2.1","1.8","2.7","2.4",23.9
"Hartford city, Connecticut","64.5","6.8","17.1","6.9","2.2","2.5",21.4
"New Britain city, Connecticut","75.8","12.1","2.7","4.3","2.6","2.4",21
"New Haven city, Connecticut","58.1","9.0","15.3","11.2","4.8","1.7",21.3
"Norwalk city, Connecticut","71.6","8.9","10.5","3.0","1.7","4.4",24.3
"Stamford city, Connecticut","71.0","9.6","10.4","4.2","1.3","3.4",25.7
"Waterbury city, Connecticut","80.0","11.3","4.6","2.3","1.4","0.4",23.3
"Wilmington city, Delaware","68.8","6.0","10.3","7.9","2.7","4.3",21.2
"Washington city, District of Columbia","34.1","5.6","38.6","11.9","5.2","4.6",29.9
"Alafaya CDP, Florida","81.7","7.0","1.2","0.0","3.7","6.4",28.9
"Boca Raton city, Florida","71.9","5.8","1.1","1.4","2.7","17.3",21
"Boynton Beach city, Florida","82.1","5.9","4.7","0.4","2.7","4.2",24
"Brandon CDP, Florida","81.6","9.8","0.2","3.0","1.4","4.0",25.2
"Cape Coral city, Florida","81.9","9.7","1.0","1.1","2.3","4.0",27.5
"Clearwater city, Florida","77.6","5.5","2.5","2.6","4.5","7.3",23.7
"Coral Springs city, Florida","83.1","9.8","0.8","0.8","1.1","4.3",27.2
"Davie town, Florida","84.0","5.9","1.6","0.5","1.1","6.9",28.8
"Deerfield Beach city, Florida","81.0","10.4","4.2","0.6","2.3","1.6",25.6
"Deltona city, Florida","85.1","7.0","0.0","0.2","3.0","4.8",31.5
"Fort Lauderdale city, Florida","68.2","10.5","5.2","2.6","5.5","8.0",24.6
"Fort Myers city, Florida","73.5","12.3","3.2","1.5","3.2","6.3",26
"Gainesville city, Florida","66.8","8.3","8.2","4.9","8.0","3.8",16.5
"Hialeah city, Florida","75.3","9.7","2.8","1.9","0.8","9.6",25.9
"Hollywood city, Florida","74.4","11.2","4.6","3.0","2.1","4.8",30.2
"Jacksonville city, Florida","79.7","10.7","1.9","1.4","1.9","4.4",23.5
"Kendall CDP, Florida","82.0","7.1","4.4","1.2","2.1","3.2",31.8
"Lakeland city, Florida","83.1","9.7","1.2","2.2","1.0","2.7",20.2
"Largo city, Florida","80.5","10.0","0.3","1.1","3.7","4.4",22.3
"Lauderhill city, Florida","76.3","9.3","6.7","3.4","1.7","2.6",28.5
"Lehigh Acres CDP, Florida","74.6","17.5","0.8","0.4","3.5","3.3",36.5
"Melbourne city, Florida","84.4","8.5","0.6","1.9","2.1","2.5",20.6
"Miami city, Florida","69.7","8.2","12.2","4.2","2.2","3.6",26.9
"Miami Beach city, Florida","50.8","5.9","13.4","13.9","8.0","8.0",25.8
"Miami Gardens city, Florida","78.2","9.9","8.4","1.2","0.4","1.9",30.3
"Miramar city, Florida","84.6","8.3","2.6","0.3","0.7","3.5",29.5
"Orlando city, Florida","79.3","8.6","5.0","1.8","2.2","3.1",24.1
"Palm Bay city, Florida","84.5","9.8","0.0","0.9","2.8","1.9",27.5
"Palm Coast city, Florida","79.1","11.3","0.5","1.3","2.4","5.4",27.7
"Pembroke Pines city, Florida","82.8","9.7","1.0","0.6","0.6","5.3",28.6
"Pine Hills CDP, Florida","N","N","N","N","N","N",32.9
"Plantation city, Florida","83.8","6.7","2.2","0.4","0.4","6.5",26
"Pompano Beach city, Florida","70.8","14.1","5.5","1.5","3.7","4.4",25.1
"Port St. Lucie city, Florida","80.5","8.4","0.1","0.7","2.2","8.1",29.8
"Riverview CDP, Florida","84.3","7.2","0.7","2.1","1.3","4.3",30
"St. Petersburg city, Florida","80.1","8.5","2.4","2.0","2.2","4.7",22.2
"Spring Hill CDP, Florida","82.8","11.2","0.7","0.9","0.6","3.8",28.3
"Sunrise city, Florida","81.7","10.0","1.7","0.7","0.9","4.9",27.4
"Tallahassee city, Florida","82.6","6.9","2.6","3.1","2.1","2.6",18.2
"Tampa city, Florida","77.4","9.5","2.5","3.0","2.6","5.1",22.9
"Town 'n' Country CDP, Florida","76.2","14.4","1.4","0.8","1.6","5.6",25.3
"Weston city, Florida","84.7","6.3","0.5","0.2","1.3","7.1",31.6
"West Palm Beach city, Florida","77.3","7.9","3.3","3.3","1.1","7.0",23.5
"Albany city, Georgia","74.9","13.8","1.8","5.5","0.5","3.6",15.7
"Athens-Clarke County unified government (balance), Georgia","78.2","8.8","2.6","5.5","2.8","2.0",19.9
"Atlanta city, Georgia","65.7","7.5","10.6","5.9","2.2","8.1",25.7
"Augusta-Richmond County consolidated government (balance), Georgia","83.2","10.5","0.8","3.2","1.3","0.9",20.4
"Columbus city, Georgia","77.8","9.5","1.5","1.2","0.7","9.3",18.8
"Johns Creek city, Georgia","74.3","5.9","0.5","1.8","1.4","16.1",30.3
"Macon city, Georgia","76.3","11.2","3.1","2.9","5.0","1.4",19.7
"Roswell city, Georgia","78.7","12.1","1.6","1.0","1.3","5.3",27.2
"Sandy Springs city, Georgia","76.8","5.6","6.8","1.2","1.7","7.9",24.7
"Savannah city, Georgia","75.2","11.0","3.6","4.8","2.1","3.3",18.7
"Warner Robins city, Georgia","N","N","N","N","N","N",19.2
"Urban Honolulu CDP, Hawaii","56.3","13.1","13.0","8.4","6.4","2.8",21.7
"Boise City city, Idaho","78.0","8.2","0.8","3.6","4.4","5.1",17.8
"Meridian city, Idaho","85.5","7.7","0.0","0.7","0.0","6.1",24.5
"Nampa city, Idaho","77.3","11.4","0.3","2.0","3.5","5.5",21.3
"Arlington Heights village, Illinois","82.3","3.3","6.2","2.8","0.7","4.7",29.1
"Aurora city, Illinois","77.0","13.4","3.4","1.3","0.9","4.0",27
"Bloomington city, Illinois","81.3","9.4","2.2","2.1","1.7","3.3",16.9
"Bolingbrook village, Illinois","83.3","6.1","2.4","1.2","0.6","6.4",32.3
"Champaign city, Illinois","65.8","10.1","5.2","10.8","3.5","4.6",15.9
"Chicago city, Illinois","50.4","9.1","26.3","6.9","3.0","4.3",33.6
"Cicero town, Illinois","60.1","20.3","13.4","4.1","0.9","1.2",30.9
"Decatur city, Illinois","83.6","8.3","1.9","2.9","1.1","2.2",17.9
"Elgin city, Illinois","73.9","18.5","3.0","2.3","0.5","1.7",29.6
"Evanston city, Illinois","48.0","6.0","20.4","11.7","5.9","8.1",28.4
"Joliet city, Illinois","85.1","6.7","1.8","0.8","3.2","2.4",28.9
"Naperville city, Illinois","74.3","6.4","7.7","1.6","2.2","7.8",33.2
"Palatine village, Illinois","83.2","5.5","3.9","3.1","1.1","3.2",26
"Peoria city, Illinois","78.5","10.3","3.8","2.9","1.2","3.3",18.8
"Rockford city, Illinois","81.8","9.9","1.7","1.0","1.9","3.7",19.5
"Schaumburg village, Illinois","81.6","9.3","4.0","0.9","0.6","3.6",28.4
"Skokie village, Illinois","73.8","8.3","10.3","1.2","2.4","4.0",29.8
"Springfield city, Illinois","82.0","8.1","1.9","3.2","1.3","3.5",17.1
"Waukegan city, Illinois","71.5","18.6","4.0","2.4","0.7","2.8",26
"Bloomington city, Indiana","57.7","8.0","7.0","16.2","4.4","6.6",15.2
"Carmel city, Indiana","84.3","6.0","0.1","1.1","0.2","8.4",24.1
"Evansville city, Indiana","83.6","6.6","3.9","2.3","1.5","2.1",18.3
"Fishers town, Indiana","84.8","9.7","0.0","0.0","1.1","4.4",28.8
"Fort Wayne city, Indiana","82.3","9.1","0.5","2.1","1.5","4.4",19.9
"Gary city, Indiana","84.2","7.1","2.2","2.3","1.6","2.5",23.7
"Hammond city, Indiana","80.2","9.5","5.7","2.4","0.2","2.1",28.2
"Indianapolis city (balance), Indiana","80.3","10.8","2.3","2.0","1.7","2.9",22.9
"Lafayette city, Indiana","82.4","9.7","2.8","2.3","1.8","1.2",17.1
"Muncie city, Indiana","73.6","11.4","3.2","7.0","1.4","3.4",19.5
"South Bend city, Indiana","79.4","9.0","2.3","4.2","2.6","2.5",18.9
"Cedar Rapids city, Iowa","80.5","8.6","1.6","3.2","2.1","4.0",18.3
"Davenport city, Iowa","84.5","8.6","0.1","2.3","1.8","2.7",16.7
"Des Moines city, Iowa","79.6","11.6","1.9","2.2","1.3","3.4",18.6
"Iowa City city, Iowa","54.8","10.3","8.8","17.6","5.2","3.3",17.2
"Sioux City city, Iowa","86.0","6.7","0.9","0.6","2.7","3.1",17.1
"Waterloo city, Iowa","83.1","10.8","0.9","2.3","1.9","1.1",13.7
"Kansas City city, Kansas","82.1","12.2","2.2","1.2","1.1","1.2",20.8
"Lawrence city, Kansas","76.2","10.5","2.5","5.1","1.1","4.5",19.2
"Olathe city, Kansas","84.0","7.6","0.3","1.1","1.0","6.1",21.6
"Overland Park city, Kansas","84.0","9.0","0.4","0.8","0.8","5.1",20.4
"Topeka city, Kansas","80.3","13.2","1.3","1.3","0.8","3.1",15.1
"Wichita city, Kansas","84.0","9.1","0.8","1.3","1.6","3.2",17.8
"Lexington-Fayette urban county, Kentucky","80.5","9.5","1.0","4.2","1.7","3.1",19.1
"Louisville/Jefferson County metro government (balance), Kentucky","81.0","8.8","3.2","2.3","1.3","3.4",22.4
"Baton Rouge city, Louisiana","81.0","10.1","2.5","3.2","0.9","2.4",21.3
"Kenner city, Louisiana","77.5","15.1","2.0","3.2","0.2","2.0",27.3
"Lafayette city, Louisiana","77.9","13.4","0.4","2.8","2.6","2.9",19.2
"Lake Charles city, Louisiana","81.1","11.8","0.6","3.1","1.7","1.7",18.9
"Metairie CDP, Louisiana","84.7","7.1","1.2","1.4","2.9","2.7",20.8
"New Orleans city, Louisiana","71.1","10.0","6.6","4.7","4.1","3.5",22.8
"Shreveport city, Louisiana","84.5","6.8","1.7","1.3","2.8","2.8",18.8
"Portland city, Maine","65.7","7.7","3.0","14.7","2.8","6.1",18
"Baltimore city, Maryland","58.9","9.0","19.2","6.8","2.5","3.4",30.6
"Columbia CDP, Maryland","80.3","7.9","3.9","1.4","0.7","5.7",28.7
"Ellicott City CDP, Maryland","83.2","6.9","1.9","0.7","0.3","6.9",29.7
"Frederick city, Maryland","71.3","11.3","3.2","5.1","1.5","7.7",33.9
"Germantown CDP, Maryland","72.2","12.1","11.5","1.2","0.4","2.6",36.3
"Glen Burnie CDP, Maryland","83.6","10.6","1.8","1.1","0.9","1.9",28.1
"Silver Spring CDP, Maryland","52.0","9.0","30.1","4.0","1.6","3.3",33
"Waldorf CDP, Maryland","79.1","10.3","7.5","1.0","0.3","1.8",41.9
"Boston city, Massachusetts","36.6","7.2","34.6","15.5","2.8","3.3",29.8
"Brockton city, Massachusetts","80.9","9.0","4.3","3.3","1.7","0.8",28.3
"Cambridge city, Massachusetts","31.0","3.5","24.5","24.5","10.0","6.5",24.4
"Fall River city, Massachusetts","81.2","11.5","2.3","3.9","0.1","1.1",24.1
"Framingham CDP, Massachusetts","77.7","8.9","4.2","4.8","1.5","2.8",27.1
"Lawrence city, Massachusetts","64.1","18.7","3.4","4.0","7.4","2.4",21.8
"Lowell city, Massachusetts","74.4","13.5","3.6","4.4","1.4","2.8",24.9
"Lynn city, Massachusetts","64.6","7.7","12.1","6.1","5.8","3.6",26.8
"New Bedford city, Massachusetts","73.9","14.9","2.4","5.8","1.2","1.8",23.3
"Newton city, Massachusetts","62.9","9.0","12.9","5.2","2.0","8.1",26.4
"Quincy city, Massachusetts","63.2","9.9","20.8","2.6","0.9","2.6",33.4
"Somerville city, Massachusetts","41.0","8.9","30.4","12.5","3.9","3.3",27.8
"Springfield city, Massachusetts","74.2","10.5","6.3","3.0","1.0","4.9",22.4
"Worcester city, Massachusetts","73.4","10.5","4.3","7.2","1.2","3.4",23.6
"Ann Arbor city, Michigan","55.9","7.3","10.0","15.5","5.1","6.1",19.3
"Dearborn city, Michigan","85.8","9.5","0.2","2.0","0.9","1.7",20.1
"Detroit city, Michigan","68.1","13.4","9.4","3.7","2.2","3.1",26.1
"Farmington Hills city, Michigan","80.3","10.7","0.2","1.9","1.9","5.0",24.3
"Flint city, Michigan","78.9","8.4","4.0","2.8","1.5","4.3",24.1
"Grand Rapids city, Michigan","74.4","12.2","3.0","3.9","1.7","4.9",18.9
"Kalamazoo city, Michigan","75.3","7.3","3.5","8.5","1.3","4.1",18.3
"Lansing city, Michigan","77.9","11.1","4.7","2.0","1.4","2.9",18.5
"Livonia city, Michigan","88.9","5.9","0.0","0.7","0.7","3.8",23.4
"Rochester Hills city, Michigan","86.4","5.4","0.1","0.9","1.4","5.8",26
"Southfield city, Michigan","83.8","10.3","1.7","1.6","0.6","2.0",24.4
"Sterling Heights city, Michigan","88.5","8.4","0.4","0.4","0.5","1.9",25.6
"Troy city, Michigan","88.4","7.5","0.2","0.9","0.8","2.3",23.5
"Warren city, Michigan","86.2","10.1","0.4","0.4","1.4","1.6",23.3
"Westland city, Michigan","87.4","7.0","0.8","1.6","1.1","2.0",25
"Wyoming city, Michigan","87.2","7.4","0.9","0.4","1.3","2.8",20.2
"Bloomington city, Minnesota","76.9","9.7","4.0","1.8","1.3","6.4",21.6
"Brooklyn Park city, Minnesota","80.3","9.7","3.9","0.5","2.6","3.0",25.1
"Duluth city, Minnesota","75.3","10.3","4.1","4.6","1.3","4.4",16.6
"Minneapolis city, Minnesota","62.5","7.9","12.1","6.9","5.2","5.3",22.7
"Plymouth city, Minnesota","80.9","9.4","2.9","0.8","1.1","5.0",22.2
"Rochester city, Minnesota","74.2","11.0","5.5","3.9","2.2","3.3",16.1
"St. Cloud city, Minnesota","79.6","8.3","2.8","2.7","2.3","4.4",19.7
"St. Paul city, Minnesota","71.7","10.1","7.7","4.0","2.3","4.2",22.6
"Gulfport city, Mississippi","82.1","10.1","0.8","4.1","0.5","2.4",21.2
"Jackson city, Mississippi","85.5","9.6","0.9","1.1","1.0","2.0",20.6
"Columbia city, Missouri","78.3","9.9","1.2","6.0","1.8","2.8",16.1
"Independence city, Missouri","84.9","10.4","0.3","0.6","1.1","2.7",22
"Kansas City city, Missouri","79.9","8.5","3.2","2.1","2.0","4.3",21.2
"Lee's Summit city, Missouri","88.6","4.6","0.4","0.6","0.9","4.8",24.6
"O'Fallon city, Missouri","87.5","5.2","0.0","1.2","1.4","4.7",27.6
"St. Charles city, Missouri","87.9","5.5","0.3","2.5","1.0","2.8",20
"St. Joseph city, Missouri","80.8","13.3","0.6","2.8","0.8","1.7",16.2
"St. Louis city, Missouri","72.3","9.1","8.9","4.2","2.4","3.0",23
"Springfield city, Missouri","82.0","10.6","0.7","2.9","1.9","1.9",16.9
"Billings city, Montana","79.0","9.7","1.1","5.0","2.2","3.0",18.6
"Missoula city, Montana","66.4","13.6","2.1","4.7","7.4","5.8",15.2
"Lincoln city, Nebraska","80.5","9.9","0.9","2.1","3.0","3.6",17.9
"Omaha city, Nebraska","80.4","10.9","1.4","2.7","1.1","3.5",18.2
"Enterprise CDP, Nevada","83.6","10.2","0.8","0.5","2.3","2.6",21.1
"Henderson city, Nevada","81.4","9.5","1.2","1.7","1.7","4.6",22.9
"Las Vegas city, Nevada","79.4","10.1","3.7","2.2","1.6","3.0",25.3
"North Las Vegas city, Nevada","80.4","11.9","3.7","1.2","1.3","1.6",25.8
"Paradise CDP, Nevada","74.0","9.8","6.6","4.3","3.0","2.3",21.7
"Reno city, Nevada","75.2","10.5","4.9","3.0","3.4","2.9",20.4
"Sparks city, Nevada","82.4","11.0","0.8","0.9","1.7","3.1",22
"Spring Valley CDP, Nevada","77.3","12.3","5.1","1.1","1.3","2.9",23.5
"Sunrise Manor CDP, Nevada","73.6","14.4","5.7","2.4","2.2","1.6",26.5
"Manchester city, New Hampshire","81.1","9.3","1.3","3.5","0.5","4.3",21.7
"Nashua city, New Hampshire","80.2","12.1","1.5","3.2","0.8","2.2",24.7
"Camden city, New Jersey","53.4","20.6","14.9","6.7","2.2","2.2",25.2
"Clifton city, New Jersey","75.0","11.2","10.4","1.5","0.4","1.4",28.5
"East Orange city, New Jersey","57.1","11.0","20.7","7.6","2.5","1.0",33.5
"Elizabeth city, New Jersey","55.7","9.8","9.7","6.8","12.7","5.3",26.1
"Jersey City city, New Jersey","34.8","7.5","45.1","7.8","1.3","3.5",35.4
"Newark city, New Jersey","47.7","14.2","27.8","7.1","1.6","1.6",32.5
"Passaic city, New Jersey","52.8","25.5","11.6","5.8","2.7","1.5",23.5
"Paterson city, New Jersey","61.6","19.4","10.6","5.1","1.7","1.6",22.3
"Toms River CDP, New Jersey","85.5","6.9","1.6","0.5","2.1","3.4",29.2
"Trenton city, New Jersey","65.8","15.6","11.3","3.9","3.0","0.3",22.6
"Union City city, New Jersey","32.2","6.0","41.3","16.2","2.7","1.5",31.4
"Albuquerque city, New Mexico","79.5","10.5","2.0","2.1","2.1","3.9",20.8
"Las Cruces city, New Mexico","82.0","9.6","0.5","3.8","1.5","2.6",18.7
"Rio Rancho city, New Mexico","85.5","7.7","1.5","0.4","1.1","3.7",31.1
"Santa Fe city, New Mexico","74.1","13.2","0.2","3.4","2.8","6.2",17.9
"Albany city, New York","65.1","8.8","12.5","10.5","1.1","2.0",18.5
"Buffalo city, New York","67.3","9.8","11.6","6.4","2.8","2.0",20.9
"Cheektowaga CDP, New York","84.5","9.9","0.6","1.9","1.9","1.1",18.5
"Mount Vernon city, New York","53.4","6.5","28.8","7.6","1.4","2.3",34
"New Rochelle city, New York","59.2","7.0","17.9","8.0","1.4","6.5",29.9
"New York city, New York","22.6","4.7","55.9","10.1","2.7","4.1",39.3
"Rochester city, New York","71.8","10.9","7.5","5.8","2.0","2.0",19.8
"Schenectady city, New York","65.8","9.3","10.1","8.7","3.9","2.1",24.6
"Syracuse city, New York","63.0","10.4","9.4","11.0","3.0","3.2",17.1
"Yonkers city, New York","58.0","7.5","25.5","6.0","0.5","2.5",31.8
"Asheville city, North Carolina","76.8","9.1","1.5","4.6","1.5","6.4",19.6
"Cary town, North Carolina","78.1","8.1","0.9","1.1","1.6","10.2",22.1
"Charlotte city, North Carolina","74.9","10.4","4.2","2.5","1.7","6.2",24.4
"Concord city, North Carolina","81.3","10.9","0.6","0.0","1.2","6.0",26.4
"Durham city, North Carolina","74.8","11.6","4.2","2.9","2.4","4.2",22.3
"Fayetteville city, North Carolina","80.3","10.2","0.8","5.4","1.5","1.8",20
"Gastonia city, North Carolina","83.8","10.1","0.5","1.4","1.2","3.0",24.3
"Greensboro city, North Carolina","79.5","10.8","2.2","3.0","1.0","3.4",19.2
"Greenville city, North Carolina","80.1","8.8","2.0","4.9","0.8","3.3",16.1
"High Point city, North Carolina","82.6","9.3","1.8","1.5","0.6","4.2",22.2
"Jacksonville city, North Carolina","59.5","14.8","0.0","11.7","1.8","12.3",21.1
"Raleigh city, North Carolina","79.2","10.2","1.6","1.7","2.0","5.3",20.8
"Wilmington city, North Carolina","77.1","9.1","0.5","4.0","3.7","5.7",17.7
"Winston-Salem city, North Carolina","82.5","7.8","2.3","1.9","2.0","3.4",19.9
"Fargo city, North Dakota","82.8","8.6","1.1","4.0","0.5","3.0",15.5
"Akron city, Ohio","83.4","8.6","3.6","2.4","0.5","1.5",20.4
"Canton city, Ohio","80.1","12.8","2.6","2.3","0.6","1.7",20.5
"Cincinnati city, Ohio","71.6","10.7","6.7","5.5","1.6","3.9",22.6
"Cleveland city, Ohio","69.0","10.4","10.3","5.6","2.2","2.6",23.9
"Columbus city, Ohio","81.2","8.6","3.0","2.6","1.6","2.9",21.6
"Dayton city, Ohio","70.4","10.9","6.1","7.4","2.4","2.8",20.9
"Lorain city, Ohio","85.3","11.1","0.7","0.9","0.8","1.2",22.6
"Parma city, Ohio","84.1","8.1","2.8","0.9","0.6","3.5",24.4
"Toledo city, Ohio","82.6","8.6","2.4","3.1","1.3","2.0",19.4
"Youngstown city, Ohio","74.1","12.0","4.6","3.9","3.5","2.0",22.7
"Broken Arrow city, Oklahoma","83.4","10.9","0.3","0.5","1.0","3.9",20.3
"Edmond city, Oklahoma","85.4","7.0","0.1","1.8","0.9","4.8",20
"Lawton city, Oklahoma","72.2","11.5","1.0","9.1","2.9","3.3",15.3
"Norman city, Oklahoma","78.3","8.7","1.4","3.1","3.6","5.0",22.3
"Oklahoma City city, Oklahoma","82.2","11.2","0.3","1.7","1.2","3.3",20.3
"Tulsa city, Oklahoma","81.9","10.8","0.8","1.8","1.6","3.1",18
"Beaverton city, Oregon","71.0","9.8","6.2","5.5","2.6","4.8",24.9
"Bend city, Oregon","75.6","9.5","0.7","1.9","3.9","8.4",17.3
"Eugene city, Oregon","64.6","7.9","3.7","8.0","9.0","6.8",17
"Gresham city, Oregon","71.1","12.7","8.3","2.3","2.1","3.5",27.2
"Hillsboro city, Oregon","71.8","12.3","7.0","3.6","1.4","3.8",25.5
"Medford city, Oregon","80.2","9.2","1.6","3.5","2.6","2.9",15.5
"Portland city, Oregon","58.5","8.4","11.1","6.9","7.2","7.9",24.2
"Salem city, Oregon","76.0","10.6","1.9","5.0","3.0","3.4",21.1
"Allentown city, Pennsylvania","67.1","16.3","5.8","5.6","1.6","3.7",23.1
"Bethlehem city, Pennsylvania","76.9","11.4","2.2","4.8","0.7","4.0",23
"Erie city, Pennsylvania","78.5","9.9","3.3","4.4","1.8","2.2",15.8
"Philadelphia city, Pennsylvania","50.2","9.1","26.0","8.2","3.4","3.2",32
"Pittsburgh city, Pennsylvania","56.7","9.8","17.2","10.6","2.6","3.0",23.2
"Reading city, Pennsylvania","53.2","22.4","8.4","8.4","2.8","4.8",28
"Scranton city, Pennsylvania","69.6","14.9","3.7","9.1","0.6","2.1",18.6
"Cranston city, Rhode Island","83.8","7.9","2.3","2.1","0.9","3.1",22
"Pawtucket city, Rhode Island","77.6","12.7","3.7","2.8","2.3","0.9",25.5
"Providence city, Rhode Island","55.4","14.2","9.2","10.8","5.3","5.0",22.7
"Warwick city, Rhode Island","87.3","5.9","2.0","2.0","0.2","2.6",23.9
"Charleston city, South Carolina","77.1","5.6","2.6","6.2","4.7","3.8",21
"Columbia city, South Carolina","65.4","6.3","2.2","20.7","1.4","4.0",15.2
"Mount Pleasant town, South Carolina","84.8","6.3","0.3","2.1","0.8","5.7",22.8
"North Charleston city, South Carolina","77.9","13.8","2.0","0.9","1.9","3.5",21.2
"Rock Hill city, South Carolina","83.3","12.5","0.0","1.9","1.4","0.9",22.7
"Rapid City city, South Dakota","79.7","10.7","1.0","3.1","2.0","3.6",15
"Sioux Falls city, South Dakota","85.2","7.1","1.1","2.2","1.6","2.8",16.2
"Chattanooga city, Tennessee","78.6","9.4","1.8","3.5","3.1","3.5",19
"Clarksville city, Tennessee","85.0","8.7","0.7","3.1","0.9","1.7",22
"Franklin city, Tennessee","80.4","8.7","1.2","0.9","1.2","7.6",25.2
"Jackson city, Tennessee","88.0","5.0","0.5","1.7","2.0","2.7",16.7
"Knoxville city, Tennessee","83.6","7.2","2.1","2.6","0.6","4.0",20.7
"Memphis city, Tennessee","78.9","13.4","2.4","2.0","1.4","1.8",21.6
"Murfreesboro city, Tennessee","88.3","6.6","0.6","1.2","1.2","2.1",27.1
"Nashville-Davidson metropolitan government (balance), Tennessee","80.1","10.5","2.1","1.7","1.3","4.4",23
"Abilene city, Texas","81.6","10.3","1.6","3.4","0.5","2.6",16.2
"Allen city, Texas","79.8","6.4","3.0","0.3","1.0","9.5",27.8
"Amarillo city, Texas","78.5","15.0","1.2","1.4","1.3","2.7",18.2
"Arlington city, Texas","79.5","12.3","0.1","1.9","1.5","4.7",25.7
"Atascocita CDP, Texas","87.4","6.5","0.9","1.1","0.7","3.2",31.9
"Austin city, Texas","73.5","10.3","4.2","2.8","2.9","6.3",23.2
"Baytown city, Texas","78.8","13.3","1.2","1.1","2.3","3.3",22.7
"Beaumont city, Texas","84.3","8.3","1.3","2.8","1.7","1.6",17.9
"Brownsville city, Texas","80.8","11.7","1.3","1.9","1.6","2.6",19.1
"Bryan city, Texas","70.9","19.4","1.6","2.3","3.6","2.2",17.3
"Carrollton city, Texas","82.7","9.2","1.8","0.5","1.1","4.7",24.5
"College Station city, Texas","75.5","9.0","3.3","5.2","4.8","2.3",17.1
"Corpus Christi city, Texas","79.7","12.8","2.7","1.2","1.9","1.7",20.6
"Dallas city, Texas","76.0","11.3","4.3","2.0","2.0","4.3",25.8
"Denton city, Texas","69.3","16.1","2.9","3.6","4.1","4.0",24.8
"Edinburg city, Texas","77.9","15.2","0.0","1.2","3.8","1.9",20.1
"El Paso city, Texas","80.0","11.0","2.0","2.1","2.3","2.5",22.7
"Flower Mound town, Texas","81.4","5.2","0.3","1.3","0.9","10.9",25.9
"Fort Worth city, Texas","82.4","10.7","1.1","1.1","1.6","3.1",26.3
"Frisco city, Texas","79.2","7.7","0.3","0.3","1.0","11.5",27.6
"Garland city, Texas","77.8","15.6","1.7","0.7","0.7","3.4",27.6
"Grand Prairie city, Texas","82.2","8.7","0.1","1.0","5.6","2.3",26.3
"Harlingen city, Texas","N","N","N","N","N","N",17.3
"Houston city, Texas","75.5","12.3","4.4","2.2","2.3","3.2",26.2
"Irving city, Texas","80.4","11.5","1.9","1.4","1.8","3.1",23.7
"Killeen city, Texas","86.9","8.4","0.4","0.7","2.5","1.0",22.1
"Laredo city, Texas","79.7","14.8","0.9","1.1","0.7","2.8",21.3
"League City city, Texas","83.1","8.0","2.2","0.3","0.0","6.4",28.8
"Lewisville city, Texas","79.9","12.7","1.3","1.0","0.8","4.3",24.2
"Longview city, Texas","85.9","10.3","0.5","0.6","1.1","1.7",17.6
"Lubbock city, Texas","82.2","10.0","0.5","2.4","1.7","3.2",15.5
"McAllen city, Texas","75.1","8.7","1.3","1.1","9.5","4.3",20.2
"McKinney city, Texas","81.1","6.9","0.7","1.2","2.1","8.1",29.2
"Mesquite city, Texas","78.3","15.6","0.7","0.6","2.7","2.1",28.5
"Midland city, Texas","81.8","13.9","0.2","2.1","0.5","1.4",18.2
"Mission city, Texas","81.9","9.3","0.0","1.0","6.3","1.5",22
"Missouri City city, Texas","83.5","8.7","4.4","0.8","0.8","2.0",29.5
"North Richland Hills city, Texas","85.9","8.3","1.4","0.7","1.6","2.1",28.3
"Odessa city, Texas","88.0","9.8","0.1","0.9","0.0","1.2",17.6
"Pasadena city, Texas","80.5","13.0","1.4","0.8","2.3","2.1",25.7
"Pearland city, Texas","83.4","9.7","0.7","0.7","0.3","5.2",28.7
"Pharr city, Texas","N","N","N","N","N","N",24.2
"Plano city, Texas","83.8","5.8","0.9","0.7","1.3","7.5",26
"Richardson city, Texas","78.4","11.2","1.3","1.7","1.1","6.3",24.4
"Round Rock city, Texas","82.6","10.0","0.1","0.4","1.2","5.8",25.7
"San Angelo city, Texas","84.1","6.4","0.3","5.2","1.2","2.8",14.9
"San Antonio city, Texas","79.4","11.2","3.4","1.6","1.1","3.4",23.3
"Sugar Land city, Texas","79.7","10.1","1.7","0.7","0.3","7.5",29.5
"Temple city, Texas","84.6","11.2","0.2","0.8","1.1","2.1",14.8
"The Woodlands CDP, Texas","82.6","7.3","3.1","0.7","0.5","5.8",30.6
"Tyler city, Texas","80.2","10.1","0.4","1.4","3.2","4.7",17.8
"Waco city, Texas","82.6","10.8","1.4","2.9","0.5","1.9",17.1
"Wichita Falls city, Texas","80.1","5.9","0.3","6.9","0.8","6.0",14
"Layton city, Utah","83.6","9.6","2.0","1.4","1.3","2.1",22.6
"Millcreek CDP, Utah","74.0","13.0","4.0","2.1","1.2","5.7",20.7
"Ogden city, Utah","72.5","14.5","2.8","3.9","3.5","2.8",20.4
"Orem city, Utah","75.9","12.9","1.4","2.6","2.6","4.7",17.2
"Provo city, Utah","62.1","13.4","1.8","12.2","5.9","4.6",18
"St. George city, Utah","82.3","9.2","0.7","2.4","2.9","2.5",16.2
"Salt Lake City city, Utah","65.0","13.4","8.1","4.6","5.1","3.7",19.9
"Sandy city, Utah","77.3","7.9","2.8","1.9","2.6","7.5",24.1
"West Jordan city, Utah","80.2","11.9","1.9","1.7","1.0","3.2",24.5
"West Valley City city, Utah","75.6","16.4","3.1","1.5","0.9","2.5",21.6
"Alexandria city, Virginia","58.4","8.4","22.7","3.6","2.3","4.5",29.8
"Arlington CDP, Virginia","55.2","6.3","25.2","5.4","2.6","5.3",27.2
"Centreville CDP, Virginia","77.2","10.1","4.2","1.0","1.3","6.1",33.1
"Chesapeake city, Virginia","86.6","6.8","1.1","1.8","0.8","2.8",25.3
"Dale City CDP, Virginia","76.7","13.6","6.6","0.6","0.6","1.9",40.5
"Hampton city, Virginia","77.1","9.5","2.7","4.8","1.9","4.1",22.5
"Lynchburg city, Virginia","79.9","12.0","0.9","4.6","0.5","2.2",16.9
"Newport News city, Virginia","77.2","11.1","3.7","4.0","1.2","2.8",22.8
"Norfolk city, Virginia","73.2","9.8","4.5","3.1","1.5","7.9",22.7
"Portsmouth city, Virginia","80.5","6.6","3.0","5.1","1.9","2.9",24.9
"Richmond city, Virginia","71.9","10.0","5.2","4.4","4.0","4.5",21.2
"Roanoke city, Virginia","81.8","9.7","1.9","2.3","1.2","3.1",17.5
"Suffolk city, Virginia","86.1","8.1","1.0","1.6","1.1","2.0",28.2
"Virginia Beach city, Virginia","81.8","9.1","0.6","1.9","1.7","4.8",22.6
"Auburn city, Washington","77.9","9.5","5.0","2.8","1.4","3.4",30
"Bellevue city, Washington","66.0","8.9","12.6","4.5","0.8","7.1",22.6
"Bellingham city, Washington","68.6","6.2","6.2","9.7","2.6","6.6",17.5
"Everett city, Washington","68.2","13.3","6.1","5.1","1.9","5.4",25.8
"Federal Way city, Washington","77.3","10.5","7.1","0.8","1.3","2.9",31.3
"Kennewick city, Washington","80.4","9.6","1.7","1.9","1.4","5.0",20.1
"Kent city, Washington","73.0","13.4","6.3","1.3","1.3","4.7",31.3
"Pasco city, Washington","78.6","15.1","0.4","0.8","2.0","3.0",18
"Renton city, Washington","68.2","17.4","6.8","2.3","0.5","4.8",30.7
"Seattle city, Washington","49.2","8.5","19.7","9.9","5.7","7.0",25.9
"Spokane city, Washington","75.6","10.7","3.8","3.9","1.6","4.4",19.6
"Spokane Valley city, Washington","79.0","12.3","1.6","0.8","1.4","4.8",18.7
"Tacoma city, Washington","75.2","10.4","4.7","3.7","2.2","3.8",26.1
"Vancouver city, Washington","75.3","12.5","4.0","2.3","1.4","4.5",22.1
"Yakima city, Washington","77.9","14.5","1.1","1.8","1.3","3.4",17.1
"Appleton city, Wisconsin","83.4","7.0","0.4","3.3","2.1","3.8",18.1
"Eau Claire city, Wisconsin","74.6","9.8","2.1","5.8","3.3","4.4",16.1
"Green Bay city, Wisconsin","79.3","10.3","1.3","3.0","4.4","1.8",18.7
"Kenosha city, Wisconsin","84.8","8.2","1.2","2.2","1.7","1.9",23.3
"Madison city, Wisconsin","62.1","9.6","8.6","9.2","6.9","3.7",19
